0	43669
1	44417
2	47617
3	53294
4	61294
5	68464
6	75426
7	86790
8	98396
9	98619
10	103365
11	111235
12	116648
13	130658
14	130932
15	140792
16	147393
17	157692
18	161507
19	165909
20	174885
21	181014
22	202058
23	235336
24	192529
25	202517
26	207502
27	212886
28	223536
29	229868
30	236736
31	243094
32	253703
33	259884
34	270052
35	272023
36	282297
37	289659
38	301138
39	305133
40	310824
41	327783
42	332213
43	351649
44	338428
45	351749
46	369411
47	380924
48	393107
49	408339
50	417345
51	414876
52	429548
53	455994
54	440040
55	474822
56	448123
57	460030
58	470340
59	486898
60	500641
61	520899
62	509768
63	520256
64	532625
65	545570
66	558868
67	548363
68	565756
69	578576
70	605701
71	593380
72	598185
73	610739
74	622678
75	634166
76	655514
77	660944
78	670751
79	686791
80	698022
81	714868
82	722591
83	739701
84	752687
85	771667
86	773614
87	784445
88	789472
89	784233
90	786113
91	823261
92	832926
93	849113
94	858881
95	873047
96	885887
97	892754
98	916050
99	938309
100	922729
101	942065
102	952535
103	960621
104	962392
105	983569
106	1000726
107	1001020
108	1006043
109	1035409
110	1035566
111	1051490
112	1060669
113	1082368
114	1101930
115	1108077
116	1121659
117	1213001
118	1281591
119	1274989
120	1244550
121	1235383
122	1241960
123	1226683
124	1243755
125	1235335
126	1255418
127	1276361
128	1297147
129	1329347
130	1362165
131	1375104
132	1380612
133	1379531
134	1405157
135	1450796
136	1470202
137	1470601
138	1472633
139	1549200
140	1523131
141	1563337
142	1532768
143	1570261
144	1591740
145	1613085
146	1660057
147	1634773
148	1624008
149	1699584
150	1689860
151	1752777
152	1718210
153	1741317
154	1742980
155	1810838
156	1844248
157	1896307
158	1816963
159	1854164
160	1871863
161	1961363
162	1946331
163	1904231
164	1978324
165	2126527
166	2166594
167	2190074
168	2230331
169	2342374
170	2119904
171	2279759
172	2209980
173	2199052
174	2265461
175	2597547
176	2740919
177	2765840
178	2803509
179	2623604
180	2695187
181	2748398
182	2651777
183	2720075
184	2635731
185	2641659
186	2682195
187	2685876
188	2772901
189	2783793
190	2788029
191	2812927
192	2796176
193	2836097
194	2916302
195	2884058
196	2898875
197	2919352
198	2961400
199	3011462
200	2976725
201	3082573
202	3287733
203	3402987
204	3492754
205	3737453
206	3516131
207	3619721
208	4304684
209	4249235
210	4130424
211	4328412
212	4205146
213	4201659
214	4201067
215	4127380
216	4051712
217	3952547
218	3977252
219	4086528
220	4096776
221	4132479
222	4130544
223	4185080
224	4199810
225	4204342
226	4336405
227	4482872
228	4493171
229	4422469
230	4508555
231	4985109
232	4953067
233	4816325
234	4805578
235	4751055
236	4848996
237	4779850
238	4775295
239	4756165
240	4816554
241	4808933
242	4863511
243	4876620
244	4915283
245	4957541
246	4960224
247	5217921
248	5232557
249	5190401
250	5269595
251	5732488
252	5607882
253	5531536
254	5494190
255	5411084
256	5551912
257	5441075
258	5481268
259	5482570
260	5502788
261	5517619
262	5580468
263	5627134
264	5606896
265	5911519
266	5904979
267	5813076
268	6385575
269	6498929
270	6381260
271	6304982
272	6248317
273	6274781
274	6276978
275	6304034
276	6281810
277	6359836
278	6458670
279	6327056
280	6299102
281	6800920
282	6718079
283	6872490
284	7152730
285	7017632
286	6890589
287	6823842
288	6946243
289	6973789
290	6892466
291	6909603
292	6904833
293	7048305
294	6969113
295	7313110
296	7332406
297	7387443
298	7723633
299	7668137
300	7609485
301	7630139
302	7404514
303	7426484
304	7664025
305	7629502
306	7721307
307	7495680
308	7829866
309	7872459
310	8181128
311	8271544
312	8021200
313	7827149
314	7801719
315	7844645
316	7882014
317	7868610
318	7852329
319	7942977
320	8041054
321	8129274
322	8154460
323	8533267
324	8424391
325	8405201
326	8209696
327	8430813
328	8333613
329	8255025
330	8349797
331	8309787
332	8444396
333	8520426
334	8694951
335	9025000
336	8879959
337	8985909
338	8890746
339	8865584
340	8898031
341	8660552
342	8790267
343	8870980
344	9156451
345	9251186
346	9726919
347	9220699
348	9053603
349	9213492
350	9068294
351	9131576
352	9261624
353	9208554
354	9325008
355	9575866
356	10058008
357	10276696
358	10167659
359	10266755
360	10182987
361	10146177
362	10050777
363	9944594
364	9955697
365	10184431
366	10704888
367	10220062
368	10062955
369	10000930
370	9791347
371	9737854
372	9770805
373	9788175
374	10107853
375	10116122
376	10540706
377	10557545
378	10391241
379	10280040
380	10082477
381	10140083
382	10304696
383	10314640
384	10437272
385	11005232
386	10997701
387	10804188
388	10675023
389	10678105
390	10720927
391	10646106
392	10459590
393	11006419
394	11102061
395	11509495
396	11404848
397	11069705
398	11040750
399	11094359
400	11030151
401	10953505
402	11368830
403	11709242
404	11993339
405	11829491
406	11652608
407	11602420
408	11376745
409	11440523
410	11530948
411	11761809
412	12328495
413	11901855
414	11731590
415	11765840
416	11787886
417	11732754
418	11525190
419	12167847
420	12639993
421	12640896
422	12574037
423	12298152
424	12208868
425	11849203
426	11756038
427	12011110
428	12559854
429	12591114
430	12330676
431	12324916
432	12309275
433	12293683
434	12358311
435	12625816
436	13078723
437	13135236
438	13002566
439	12606280
440	12637247
441	12589218
442	12421814
443	12681531
444	13438267
445	13432823
446	13243183
447	13089110
448	12975852
449	12995251
450	13167756
451	13455011
452	13478943
453	13176318
454	12873673
455	12887066
456	12854138
457	12946632
458	13221566
459	13666599
460	13527752
461	13183248
462	13943409
463	13804164
464	13622895
465	13758078
466	14227218
467	14244971
468	13945209
469	13775236
470	13791760
471	13489352
472	13809180
473	14762694
474	14915892
475	14618033
476	14651538
477	14101355
478	13728860
479	14152904
480	14701447
481	14880486
482	14788320
483	14549160
484	14300284
485	14319728
486	14671073
487	15423086
488	15156423
489	14213404
490	14224396
491	14224580
492	14263157
493	15004016
494	15244726
495	14963793
496	14909493
497	14924403
498	14867986
499	14975908
500	15505310
501	15786642
502	15641519
503	15207265
504	15049604
505	14722924
506	15248625
507	15900075
508	15560685
509	15228206
510	14982468
511	15158193
512	15526800
513	16213946
514	16382280
515	16196314
516	15425820
517	15244254
518	15368574
519	15786896
520	16002446
521	15650385
522	15379690
523	15455076
524	15485255
525	15889996
526	16176802
527	15799771
528	15712495
529	15659065
530	15711795
531	16025904
532	16456369
533	16225117
534	15962781
535	15907978
536	15915177
537	16187252
538	16834987
539	16638658
540	16509974
541	16278099
542	16250314
543	16385053
544	16860267
545	17063282
546	16669964
547	16517462
548	16511125
549	16679248
550	17474761
551	17204735
552	16699774
553	16877139
554	16966718
555	17111183
556	17958611
557	17421882
558	17018005
559	17009580
560	16968381
561	17341461
562	17912726
563	17706382
564	17298587
565	17128986
566	17240102
567	17849409
568	18062094
569	17705720
570	17418071
571	17469093
572	17633609
573	18527530
574	18337502
575	18047482
576	17695331
577	17737046
578	18210524
579	18159943
580	17876726
581	17899245
582	17939376
583	18272503
584	18632990
585	18294810
586	18107811
587	18245306
588	18302362
589	18759562
590	18571756
591	18369933
592	18351319
593	18373606
594	19977812
595	20357581
596	19718686
597	19291256
598	19275000
599	19528431
600	19733928
601	19428600
602	19053683
603	18862099
604	19225187
605	19538795
606	19206637
607	19137651
608	19177555
609	19281627
610	19965791
611	19997579
612	19419020
613	19431167
614	19594841
615	20431895
616	19609466
617	19565183
618	19603983
619	19732563
620	20651391
621	20448511
622	20287326
623	20427782
624	20601899
625	20975730
626	20622570
627	20308075
628	20182147
629	20321920
630	20590943
631	20318560
632	20172367
633	20291591
634	20615005
635	20713725
636	20433101
637	20521632
638	20528060
639	20908863
640	20938624
641	20746254
642	20682056
643	20723325
644	21280636
645	21035090
646	20928112
647	20943757
648	20985218
649	21445083
650	21095151
651	21185112
652	21173157
653	21407830
654	21552230
655	21237073
656	21324565
657	21463105
658	21906974
659	21656836
660	21576720
661	21592464
662	21789068
663	22083620
664	21810439
665	21614222
666	21806064
667	22209098
668	22220025
669	22023052
670	21990247
671	22142983
672	22599189
673	22284578
674	22415974
675	22363741
676	22697711
677	22541625
678	22408353
679	22434094
680	22710066
681	22822735
682	22651511
683	22618033
684	22711070
685	23090187
686	22833231
687	22772247
688	22929234
689	23158368
690	23074772
691	23050350
692	22998787
693	23255968
694	23320105
695	23196829
696	23439522
697	24126548
698	24289578
699	24107011
700	23636969
701	23492863
702	24283064
703	24233983
704	24360918
705	24360279
706	24603721
707	24096817
708	23824963
709	23803129
710	24611286
711	24754995
712	24633804
713	24085362
714	24399669
715	24583820
716	24428541
717	24285744
718	24431808
719	24456253
720	24422274
721	24438223
722	24641416
723	24614810
724	24586047
725	24601337
726	24785802
727	24743965
728	24772718
729	24832383
730	24933183
731	24951547
732	24872572
733	24916851
734	25056975
735	25119903
736	25053569
737	25120945
738	25271106
739	25174442
740	25251506
741	25330104
742	25436200
743	25427161
744	25430650
745	25475759
746	25660122
747	25552733
748	25564072
749	25549311
750	25913013
751	25734980
752	25768682
753	25828739
754	26008992
755	25938969
756	26016374
757	26074120
758	26065592
759	26100621
760	26108091
761	26283838
762	26245903
763	26234158
764	26293147
765	26477821
766	26419623
767	26442644
768	26493639
769	26661680
770	26529598
771	26604536
772	26754161
773	26789360
774	26771090
775	26769467
776	26918035
777	26895007
778	26692787
779	26961306
780	27110160
781	26994898
782	27041971
783	27159420
784	27194895
785	27216147
786	27228478
787	27340537
788	27410696
789	27341453
790	27441038
791	27611663
792	27476781
793	27110675
794	27007601
795	27690043
796	27685374
797	27692444
798	27826762
799	27780724
800	27827741
801	27864212
802	27990362
803	27927395
804	27999703
805	28084243
806	28111410
807	28073105
808	28160597
809	28322586
810	28233055
811	28309264
812	28418053
813	28358177
814	28446227
815	28447087
816	28580884
817	28529985
818	28563979
819	28657193
820	28661865
821	28713531
822	28769635
823	28843981
824	28823577
825	28920562
826	28986592
827	28949954
828	29030123
829	29103731
830	29115360
831	29141099
832	29160858
833	29282136
834	29243168
835	29247239
836	29407194
837	29381024
838	29428766
839	29468133
840	29551890
841	29506656
842	29593624
843	29674370
844	29645546
845	29691091
846	29798986
847	29750167
848	29994872
849	29849289
850	29959384
851	29921685
852	29977652
853	30095627
854	30079314
855	30128823
856	30199964
857	30220226
858	30296117
859	30025335
860	30394669
861	30358714
862	30503625
863	30551868
864	29805921
865	29653781
866	30166982
867	30573209
868	30615388
869	29989728
870	30706323
871	30770840
872	30794837
873	30893045
874	30909382
875	30894035
876	31089148
877	31006007
878	31012854
879	31143306
880	31178764
881	31227565
882	31278401
883	31335720
884	31359612
885	31459804
886	31407805
887	31489243
888	31483783
889	31602904
890	31568339
891	31595863
892	31700039
893	31680067
894	31751278
895	31776936
896	31761300
897	31819434
898	31948900
899	31953716
900	31952011
901	32022616
902	31988871
903	32122144
904	32147029
905	32202741
906	32199619
907	32294264
908	32267145
909	32327846
910	32424420
911	32430684
912	32401690
913	32499472
914	32554555
915	32475604
916	32638397
917	32657038
918	32693619
919	32712793
920	32906727
921	32766446
922	32840225
923	32926443
924	32876998
925	32917359
926	33081076
927	33012366
928	33053219
929	33263184
930	33154235
931	33207625
932	33265968
933	33245650
934	33355477
935	33396385
936	33372091
937	33480702
938	33567315
939	33515906
940	33548079
941	33623334
942	33627688
943	33779484
944	33737378
945	33769034
946	33827338
947	33907601
948	33923449
949	33950108
950	34074778
951	34029902
952	34080641
953	34166057
954	34217005
955	34271897
956	34039556
957	34236419
958	34327814
959	34389952
960	34398985
961	34526376
962	34484880
963	34512957
964	34629214
965	34761146
966	34629812
967	34911432
968	34738090
969	34803808
970	34794892
971	34891381
972	34958755
973	34995253
974	34957985
975	35069512
976	35106873
977	35122584
978	35223720
979	35220872
980	35246242
981	35329346
982	35323151
983	35442714
984	35553700
985	34679081
986	34565165
987	34679488
988	35563304
989	35674554
990	35686897
991	35704366
992	35673439
993	34820960
994	34823857
995	34890430
996	34927792
997	34939811
998	35059260
999	35005285
1000	35129886
1001	35957814
1002	36119240
1003	36178035
1004	36246599
1005	36269518
1006	36376681
1007	36394523
1008	36334826
1009	36431038
1010	36468450
1011	36473330
1012	35662157
1013	35598428
1014	35686805
1015	35713811
1016	35695857
1017	35831423
1018	35832465
1019	35830455
1020	35940674
1021	35958981
1022	35988046
1023	36069077
1024	36062750
1025	36079265
1026	36200978
1027	36712479
1028	37311533
1029	37343133
1030	37272451
1031	36918047
1032	36371660
1033	36479678
1034	36696364
1035	36483885
1036	36592117
1037	36645896
1038	36608965
1039	36833072
1040	36740160
1041	36772177
1042	36844791
1043	36802612
1044	36929169
1045	36947790
1046	36970040
1047	37028134
1048	37068682
1049	37025754
1050	37122926
1051	37241354
1052	37176865
1053	37251657
1054	37217502
1055	37300116
1056	37285010
1057	37367338
1058	37438940
1059	37486984
1060	37525438
1061	37572052
1062	37563789
1063	37761505
1064	37669973
1065	37725042
1066	37828311
1067	37765320
1068	37940762
1069	37915605
1070	37967757
1071	38044988
1072	38021568
1073	38012653
1074	38191219
1075	38153076
1076	38201612
1077	38233782
1078	38303764
1079	38439419
1080	38386750
1081	38504757
1082	38431369
1083	38492289
1084	38503753
1085	38500959
1086	38608162
1087	38666013
1088	38642683
1089	38746314
1090	38689058
1091	38766271
1092	38857203
1093	38810884
1094	38959387
1095	38939284
1096	38985363
1097	39128884
1098	39028296
1099	39201024
1100	39183009
1101	39167619
1102	39274862
1103	39244625
1104	39390438
1105	39369726
1106	39358431
1107	39425057
1108	39472199
1109	39594827
1110	39586941
1111	39545711
1112	39625072
1113	39719060
1114	39738913
1115	39790538
1116	39720335
1117	40010553
1118	39881338
1119	39941726
1120	39893402
1121	39935872
1122	40058113
1123	40057741
1124	40168788
1125	40156125
1126	40170653
1127	40311349
1128	40327848
1129	40394800
1130	40427189
1131	40350363
1132	40524705
1133	40513902
1134	40599169
1135	40560141
1136	40571499
1137	40681833
1138	40693127
1139	40809740
1140	40750407
1141	40755202
1142	40893373
1143	40982795
1144	40950728
1145	40976795
1146	41035324
1147	41099073
1148	41129153
1149	41168937
1150	41225050
1151	41260848
1152	41263748
1153	41314988
1154	41344195
1155	41401287
1156	41429449
1157	41464471
1158	41499268
1159	41617819
1160	41617023
1161	41622000
1162	41866775
1163	41611266
1164	41721101
1165	41736358
1166	41899618
1167	41801721
1168	41846489
1169	41910866
1170	42041599
1171	42026160
1172	42047017
1173	42116217
1174	42134765
1175	42241838
1176	42199480
1177	42325292
1178	42375141
1179	42372661
1180	42468996
1181	42410739
1182	42417821
1183	42433025
1184	42561524
1185	42607151
1186	42619581
1187	42703231
1188	42637197
1189	42700767
1190	42779595
1191	42765857
1192	42862775
1193	42958490
1194	42905110
1195	42877370
1196	43021682
1197	43018785
1198	43077069
1199	43137351
1200	43049105
1201	43195765
1202	43188667
1203	43271907
1204	43267107
1205	43349629
1206	43363176
1207	43381765
1208	43491799
1209	43489025
1210	43566052
1211	43598644
1212	43620964
1213	43798571
1214	43721680
1215	43757902
1216	43817190
1217	43769615
1218	43759625
1219	43893434
1220	43883396
1221	43940161
1222	44056505
1223	43957200
1224	44238744
1225	44041474
1226	44150857
1227	44166641
1228	44169832
1229	44238741
1230	44211654
1231	44287914
1232	44309871
1233	44392827
1234	44381575
1235	44488083
1236	44523654
1237	44533975
1238	44560089
1239	44644945
1240	44541390
1241	44664099
1242	44725755
1243	44712017
1244	44885474
1245	44734452
1246	44876684
1247	44873501
1248	44913356
1249	44882547
1250	45061260
1251	45004124
1252	45098893
1253	45119751
1254	45200626
1255	45204601
1256	45223739
1257	45222458
1258	45307131
1259	44719858
1260	45425946
1261	45357598
1262	45372767
1263	45463808
1264	45548885
1265	45570741
1266	45603693
1267	45590752
1268	45673131
1269	45638433
1270	45755131
1271	45823860
1272	45818420
1273	45801571
1274	45833845
1275	45976087
1276	45946525
1277	46034882
1278	46084458
1279	46093707
1280	45384787
1281	45406508
1282	46182670
1283	46282281
1284	46317158
1285	46273191
1286	46328233
1287	46397171
1288	46368142
1289	46391226
1290	46444594
1291	46464095
1292	46606138
1293	46567393
1294	46604326
1295	46578893
1296	46646208
1297	46721974
1298	46825225
1299	46713080
1300	46788995
1301	46912047
1302	46871755
1303	46939999
1304	46996032
1305	47018357
1306	47103889
1307	47139198
1308	47181005
1309	47467256
1310	47308817
1311	47324240
1312	47177167
1313	47255624
1314	47415811
1315	47458074
1316	47455785
1317	47575854
1318	47474321
1319	47577450
1320	47566653
1321	47562740
1322	47709000
1323	47727786
1324	47781581
1325	47825561
1326	47787333
1327	47815152
1328	47982297
1329	47798246
1330	47983884
1331	47971626
1332	48074506
1333	47959840
1334	48075683
1335	48048080
1336	48145189
1337	48213579
1338	48187941
1339	48240683
1340	48358150
1341	48357497
1342	48378076
1343	48196408
1344	48306140
1345	48446534
1346	48527028
1347	48547360
1348	48564924
1349	48502486
1350	48709384
1351	48620708
1352	48711464
1353	48737427
1354	48844337
1355	48745949
1356	48932219
1357	48906124
1358	48890276
1359	48918583
1360	48914537
1361	49074039
1362	48956203
1363	49111984
1364	49160040
1365	49124378
1366	49116912
1367	49264900
1368	49272845
1369	49304937
1370	49352458
1371	49324767
1372	49327903
1373	49485931
1374	49426330
1375	49535202
1376	49500831
1377	49534061
1378	49539537
1379	49507792
1380	49584902
1381	49683417
1382	49717438
1383	49758500
1384	49863049
1385	49683430
1386	49756089
1387	49855921
1388	49875687
1389	49938892
1390	49832437
1391	49969487
1392	49910307
1393	49912347
1394	50009500
1395	50108212
1396	50085293
1397	50045533
1398	49620119
1399	50281491
1400	50119414
1401	49405377
1402	49086805
1403	49979423
1404	48660545
1405	49932166
1406	50297067
1407	50294691
1408	49058747
1409	49671555
1410	48987847
1411	49518230
1412	49319481
1413	50262711
1414	50619661
1415	49579252
1416	49751452
1417	50031266
1418	49521165
1419	50299175
1420	49642549
1421	50114188
1422	49735966
1423	50152630
1424	49259157
1425	49512687
1426	49306835
1427	49644657
1428	49463724
1429	49561006
1430	49499527
1431	49640417
1432	49563775
1433	49546138
1434	49678585
1435	50112257
1436	49757271
1437	49807558
1438	49731948
1439	49863542
1440	49883695
1441	49316026
1442	49366495
1443	49281304
1444	48723305
1445	48785207
1446	49893218
1447	50032371
1448	50008677
1449	49906973
1450	50092523
1451	49232525
1452	49140714
1453	50174024
1454	50301549
1455	50299875
1456	50297539
1457	50296082
1458	50340962
1459	50306821
1460	50370983
1461	48947137
1462	48876019
1463	50039306
1464	49645919
1465	50189467
1466	47674890
1467	50223829
1468	50431261
1469	49051293
1470	49407051
1471	49212793
1472	49255087
1473	49185018
1474	49155710
1475	49183653
1476	49073596
1477	49225766
1478	49205576
1479	49256958
1480	49312603
1481	49363112
1482	49415238
1483	49496515
1484	49446188
1485	49481178
1486	49674564
1487	49601163
1488	49578303
1489	49252245
1490	49551176
1491	49401621
1492	49176769
1493	49720619
1494	49714273
1495	49717842
1496	49419817
1497	49413458
1498	48725845
1499	49735905
1500	49074283
1501	49787979
1502	49244020
1503	48690397
1504	48551484
1505	48949130
1506	48318773
1507	47912199
1508	49731564
1509	47306425
1510	45741541
1511	47774461
1512	50159810
1513	49776879
1514	48692263
1515	48858778
1516	49882127
1517	50347265
1518	49424299
1519	48863415
1520	48869878
1521	48988772
1522	48851280
1523	49158593
1524	49927461
1525	49153705
1526	49069601
1527	49051656
1528	50197900
1529	49223456
1530	50272922
1531	49108402
1532	49071065
1533	49007808
1534	49160504
1535	49209861
1536	49218582
1537	49494169
1538	49026098
1539	49121626
1540	49219338
1541	48461502
1542	49302832
1543	48644634
1544	49439189
1545	49319925
1546	49511047
1547	48342349
1548	48994750
1549	48198400
1550	49259201
1551	48423665
1552	49672966
1553	49609254
1554	49617580
1555	49110636
1556	49591055
1557	49655166
1558	49745820
1559	49685876
1560	49739706
1561	49291021
1562	49069043
1563	48544574
1564	49565080
1565	49935277
1566	49616729
1567	48708974
1568	49634447
1569	50044682
1570	50129515
1571	48719873
1572	49534125
1573	48888846
1574	48620758
1575	48562091
1576	49486847
1577	50105510
1578	50128377
1579	49659907
1580	49563453
1581	50076299
1582	49505929
1583	49339159
1584	49225649
1585	48864254
1586	48937268
1587	48921590
1588	48905357
1589	48934465
1590	49694609
1591	49219903
1592	48862610
1593	48687779
1594	48777361
1595	49003425
1596	48939838
1597	49099118
1598	48321152
1599	49124123
1600	49161669
1601	49104605
1602	48415481
1603	49066351
1604	48644832
1605	48094728
1606	48216273
1607	46854847
1608	45566618
1609	49262159
1610	49321489
1611	49287413
1612	49304338
1613	48310533
1614	47899462
1615	48421525
1616	48018677
1617	49209531
1618	48712876
1619	48917589
1620	48100942
1621	48756937
1622	48203542
1623	49253866
1624	49387033
1625	49067292
1626	49582694
1627	47221516
1628	45896587
1629	47070345
1630	48323423
1631	48785861
1632	48295423
1633	48706696
1634	48540762
1635	48440230
1636	48240352
1637	47620463
1638	48519989
1639	48969565
1640	48977571
1641	47986154
1642	48537731
1643	48661822
1644	48490731
1645	48399994
1646	48674490
1647	48869185
1648	46781063
1649	46228581
1650	47954595
1651	48294333
1652	48722864
1653	47514263
1654	48709012
1655	48603622
1656	48628630
1657	48861043
1658	48469499
1659	48933583
1660	48943940
1661	48867705
1662	48334335
1663	47859266
1664	48368550
1665	49117167
1666	48336256
1667	49102251
1668	49059895
1669	46961983
1670	47393283
1671	48408961
1672	48087857
1673	48637153
1674	48106380
1675	48165394
1676	48004181
1677	48521933
1678	48694903
1679	48993184
1680	48017074
1681	48875884
1682	48603532
1683	48535527
1684	48190477
1685	48469236
1686	48328848
1687	48317640
1688	48141793
1689	47740556
1690	46999383
1691	47953289
1692	48197497
1693	48358612
1694	48354110
1695	48433941
1696	48614278
1697	48451318
1698	48355843
1699	48417544
1700	48447880
1701	48454812
1702	48547245
1703	48554779
1704	48548144
1705	48566223
1706	48538836
1707	48651830
1708	48704892
1709	48664311
1710	48741388
1711	48609665
1712	48697792
1713	48674999
1714	48735300
1715	48792098
1716	48473438
1717	48611926
1718	48706686
1719	48810375
1720	48440502
1721	48090603
1722	48801388
1723	48733986
1724	48703751
1725	48768902
1726	48830414
1727	48809224
1728	48868829
1729	48064356
1730	48260925
1731	47697536
1732	48114277
1733	48398657
1734	48748233
1735	47852002
1736	48117209
1737	47667761
1738	48078280
1739	47768344
1740	48245030
1741	48957162
1742	48040901
1743	47937808
1744	47812484
1745	47785363
1746	47844082
1747	47829204
1748	47914617
1749	47881076
1750	47885201
1751	47703870
1752	46843577
1753	48005352
1754	48006753
1755	48067924
1756	48026000
1757	48079661
1758	48075464
1759	48230586
1760	48154158
1761	48359510
1762	48140864
1763	48850662
1764	48284329
1765	48451764
1766	48184116
1767	48280239
1768	48269400
1769	48299158
1770	48370625
1771	48381254
1772	48396853
1773	48438492
1774	48450958
1775	48497734
1776	48469920
1777	48651113
1778	48484536
1779	48501915
1780	48431811
1781	48543549
1782	48446199
1783	48478736
1784	48583880
1785	48583202
1786	48876254
1787	48565166
1788	48815175
1789	48619088
1790	48700805
1791	48763822
1792	48923226
1793	48948129
1794	48660214
1795	48643411
1796	48754955
1797	48598869
1798	48754552
1799	48685663
1800	48792570
1801	48728798
1802	48816210
1803	49030689
1804	48842184
1805	48913312
1806	48935814
1807	49008677
1808	49061506
1809	48936764
1810	48965634
1811	48959773
1812	48961402
1813	48265271
1814	48347511
1815	48977672
1816	49172225
1817	49105324
1818	49151309
1819	49137017
1820	49163470
1821	49143491
1822	49199310
1823	49210180
1824	49317109
1825	49230304
1826	49250517
1827	49302357
1828	49256044
1829	49312291
1830	49383670
1831	49371880
1832	49464024
1833	49104029
1834	48491596
1835	49541429
1836	49508298
1837	49506863
1838	49565261
1839	49557613
1840	49569140
1841	49683469
1842	49710862
1843	49708668
1844	49760839
1845	49709499
1846	49933556
1847	49735161
1848	49776408
1849	49859077
1850	49840908
1851	49797540
1852	49917833
1853	49838684
1854	48774169
1855	49938682
1856	50014174
1857	49955844
1858	50120333
1859	50000292
1860	50131000
1861	50026829
1862	50100231
1863	50088635
1864	50110640
1865	50144923
1866	50150814
1867	50099743
1868	50131387
1869	50410191
1870	50196687
1871	50306508
1872	50198285
1873	50270764
1874	50296449
1875	50331159
1876	50350301
1877	50330415
1878	50351160
1879	50358313
1880	50438557
1881	50408213
1882	50420771
1883	50482694
1884	50489875
1885	50546621
1886	50530664
1887	50537850
1888	50518891
1889	50503473
1890	50599759
1891	50649447
1892	50724184
1893	50746036
1894	50704057
1895	50731876
1896	50731282
1897	50741512
1898	50729313
1899	50790323
1900	50905866
1901	50849409
1902	50830808
1903	50937965
1904	50941572
1905	50959826
1906	51029270
1907	51018481
1908	51027364
1909	51019868
1910	51077325
1911	51093964
1912	50802031
1913	49716070
1914	51139218
1915	51189622
1916	51134486
1917	51330165
1918	50858645
1919	50038936
1920	50316663
1921	50058410
1922	50311568
1923	50362554
1924	51384772
1925	51439494
1926	51419661
1927	51459578
1928	51106020
1929	50594506
1930	51466592
1931	51541482
1932	51399421
1933	50157894
1934	51678612
1935	51726424
1936	51648866
1937	51765686
1938	51785116
1939	51755428
1940	51645994
1941	51423688
1942	51820913
1943	51917580
1944	51863446
1945	51976840
1946	52034472
1947	52012315
1948	51217951
1949	51950636
1950	51992949
1951	51864835
1952	51071340
1953	52036968
1954	51781311
1955	51806231
1956	52159443
1957	52061805
1958	51981206
1959	52032437
1960	52166047
1961	51551686
1962	52155480
1963	51581757
1964	51775898
1965	51523579
1966	51917471
1967	52251391
1968	52212113
1969	51760191
1970	51758262
1971	51524670
1972	51761583
1973	51534019
1974	51262677
1975	51541371
1976	51900670
1977	51606924
1978	51602863
1979	51834942
1980	51447307
1981	51235047
1982	51381636
1983	51595314
1984	51594512
1985	51457312
1986	51268047
1987	51447619
1988	51373977
1989	51364452
1990	51408828
1991	51495934
1992	51436011
1993	51467503
1994	51476255
1995	51524470
1996	51594592
1997	51640755
1998	51596810
1999	51661516
2000	51608456
2001	51671925
2002	51734417
2003	51686954
2004	51714034
2005	51782740
2006	51799523
2007	51789360
2008	51859703
2009	51858897
2010	51862891
2011	51870196
2012	51909767
2013	51896088
2014	51941686
2015	51996716
2016	52045606
2017	52003812
2018	51986024
2019	52018533
2020	52042501
2021	52005114
2022	52032817
2023	52177521
2024	52143598
2025	52137221
2026	52201571
2027	52245298
2028	52284110
2029	51977120
2030	52298748
2031	52350069
2032	52330739
2033	52406363
2034	52439467
2035	52384051
2036	52433430
2037	52441836
2038	52511117
2039	52546713
2040	52498871
2041	52667332
2042	52525026
2043	52787969
2044	52702378
2045	52583655
2046	52663086
2047	52706628
2048	52833488
2049	52731494
2050	52744259
2051	52713992
2052	52768193
2053	52844752
2054	52852963
2055	52813177
2056	52798480
2057	52875939
2058	52865522
2059	52929651
2060	52918520
2061	53004101
2062	52949081
2063	53056505
2064	53046490
2065	53034063
2066	53100444
2067	53172775
2068	53079781
2069	53112900
2070	53174432
2071	53172781
2072	53204124
2073	53275126
2074	53258880
2075	53273187
2076	53308201
2077	53346332
2078	53321553
2079	53387936
2080	53338186
2081	53491493
2082	53441142
2083	53519811
2084	53516782
2085	53472541
2086	53498936
2087	53546926
2088	53553308
2089	53509181
2090	53555808
2091	53717126
2092	53616243
2093	53695430
2094	53721434
2095	53737692
2096	53744083
2097	53765895
2098	53877156
2099	53855198
2100	53876424
2101	53878034
2102	53902959
2103	53937470
2104	54087241
2105	54023113
2106	54019628
2107	54059919
2108	54078850
2109	54036459
2110	54002554
2111	54008722
2112	54105909
2113	54067145
2114	54209043
2115	54191307
2116	54196112
2117	54149256
2118	54237032
2119	54241038
2120	54271116
2121	54257939
2122	54254527
2123	54317076
2124	54349739
2125	54344736
2126	54388516
2127	54369369
2128	54423249
2129	54376063
2130	54484054
2131	54519228
2132	54528843
2133	54526657
2134	54562809
2135	54686444
2136	54566126
2137	54585387
2138	54592300
2139	54716326
2140	54635523
2141	54680583
2142	54734737
2143	54692108
2144	54778721
2145	54757795
2146	54796585
2147	54794752
2148	54864930
2149	54810954
2150	54957357
2151	54915556
2152	54941838
2153	54909846
2154	54955783
2155	55061992
2156	55015798
2157	55030630
2158	54986095
2159	55155642
2160	55203384
2161	55167678
2162	55266905
2163	55196385
2164	55205246
2165	55167636
2166	55341911
2167	55275895
2168	55363455
2169	55348131
2170	55398458
2171	55379304
2172	55409731
2173	55503347
2174	55430631
2175	55533124
2176	55440917
2177	55533689
2178	55557098
2179	55572961
2180	55599410
2181	55586598
2182	55591993
2183	55600743
2184	55557761
2185	55653497
2186	55806915
2187	55704357
2188	55707086
2189	55861212
2190	55759792
2191	55762459
2192	55772424
2193	55860352
2194	55906472
2195	55870150
2196	55911450
2197	55927991
2198	56031387
2199	55935703
2200	56080826
2201	56088755
2202	56089914
2203	56112570
2204	56205767
2205	56214145
2206	56240110
2207	56218192
2208	56288166
2209	56201353
2210	56213443
2211	56310267
2212	56406718
2213	56311195
2214	56431515
2215	56379373
2216	56350597
2217	56176260
2218	56448874
2219	56432043
2220	56433277
2221	56389002
2222	56516856
2223	56472209
2224	56575605
2225	56624338
2226	56733568
2227	56660246
2228	56772729
2229	56714439
2230	56675103
2231	56641363
2232	56689676
2233	56856634
2234	56952567
2235	56828791
2236	56845644
2237	56852900
2238	56833105
2239	56920517
2240	56903258
2241	56966854
2242	57017952
2243	56892385
2244	57062710
2245	57005289
2246	57061649
2247	57146558
2248	57057978
2249	56263871
2250	57063176
2251	57145681
2252	57136135
2253	57166261
2254	56620576
2255	56879495
2256	57330318
2257	57253602
2258	57330517
2259	56668601
2260	56592619
2261	57350956
2262	57394432
2263	57425564
2264	57442112
2265	57427882
2266	56766405
2267	56580652
2268	55822711
2269	56201491
2270	55946921
2271	56109300
2272	56287014
2273	55978334
2274	56232625
2275	56142649
2276	56229061
2277	56060355
2278	56241561
2279	56197115
2280	56071233
2281	56299821
2282	56050144
2283	56180851
2284	56275090
2285	56500234
2286	56815539
2287	56345099
2288	56376172
2289	56333205
2290	56424762
2291	56909940
2292	58013027
2293	58040161
2294	58042903
2295	58101378
2296	58061537
2297	58136412
2298	57626159
2299	58120589
2300	57811567
2301	56651206
2302	56616505
2303	56641804
2304	56740439
2305	56660922
2306	56819059
2307	56752367
2308	57299523
2309	58074945
2310	58073818
2311	58326295
2312	58380773
2313	58528565
2314	58169230
2315	58513516
2316	58584597
2317	58165659
2318	58311052
2319	56721863
2320	56763534
2321	56156964
2322	56960154
2323	56935276
2324	55885982
2325	57087432
2326	57169991
2327	57037949
2328	57232607
2329	57097958
2330	57656308
2331	57299814
2332	58716232
2333	57761784
2334	58289631
2335	58229450
2336	57377415
2337	57016299
2338	57437607
2339	57362811
2340	57548471
2341	57381699
2342	57415130
2343	56041356
2344	57088528
2345	57278041
2346	58120345
2347	58095876
2348	57565149
2349	57912043
2350	57582057
2351	58090689
2352	57838350
2353	58096227
2354	56963651
2355	56594880
2356	57312787
2357	57859945
2358	57834905
2359	57783823
2360	58271069
2361	59100361
2362	58846547
2363	59325540
2364	58375339
2365	58057746
2366	58386894
2367	57998780
2368	58155075
2369	58273327
2370	58187427
2371	56936508
2372	56674923
2373	57022673
2374	58129854
2375	57933739
2376	58624368
2377	58202555
2378	58556610
2379	58240364
2380	58874190
2381	58392078
2382	58308287
2383	58428570
2384	58316534
2385	57865799
2386	56868834
2387	58290954
2388	57886565
2389	58224096
2390	58552215
2391	58587495
2392	58500368
2393	58548979
2394	58563900
2395	58640799
2396	57206198
2397	58088268
2398	58673322
2399	58681944
2400	58760473
2401	59038576
2402	59812823
2403	58716401
2404	58805047
2405	58230486
2406	58653193
2407	58797226
2408	58783006
2409	58832115
2410	58939217
2411	58903954
2412	58616703
2413	58946625
2414	59010174
2415	58677606
2416	58891376
2417	59135334
2418	59032074
2419	59099407
2420	59077988
2421	59263927
2422	59155286
2423	59215538
2424	59339422
2425	59104648
2426	59586117
2427	59307946
2428	59390534
2429	59392607
2430	59579561
2431	59461986
2432	58941971
2433	59453020
2434	59272812
2435	59233721
2436	58951839
2437	59412184
2438	59430295
2439	59265940
2440	59588860
2441	59668392
2442	58503339
2443	59122189
2444	58854743
2445	59093440
2446	59338111
2447	59042596
2448	59244013
2449	58397633
2450	59332323
2451	58497692
2452	58487508
2453	59761921
2454	59098633
2455	58976783
2456	59752994
2457	59830054
2458	60061803
2459	59149844
2460	59036472
2461	58896141
2462	58638435
2463	59705635
2464	59764138
2465	60237313
2466	59841026
2467	58812619
2468	59165332
2469	58919197
2470	59451928
2471	59200762
2472	59557789
2473	60212937
2474	59009914
2475	59491736
2476	59450150
2477	59056176
2478	59669336
2479	59455595
2480	60598222
2481	59392742
2482	59419596
2483	59536498
2484	59254693
2485	59554724
2486	59819539
2487	59995145
2488	59277914
2489	59354696
2490	59596994
2491	59310409
2492	59201405
2493	60344062
2494	59367810
2495	59429209
2496	60100632
2497	59881828
2498	59807379
2499	59502026
2500	59453953
2501	59547197
2502	59410849
2503	60064754
2504	59753573
2505	59953252
2506	59711083
2507	59473917
2508	59726729
2509	59476297
2510	59805539
2511	59467087
2512	59526088
2513	60229935
2514	59739136
2515	59709370
2516	59785014
2517	59729858
2518	60738530
2519	60238171
2520	59695420
2521	59774864
2522	59811641
2523	60933876
2524	60321091
2525	60630233
2526	60223370
2527	59922342
2528	59980877
2529	60284770
2530	60111614
2531	60510320
2532	60017239
2533	60613852
2534	60158259
2535	60194040
2536	60782889
2537	60835282
2538	60318117
2539	60709040
2540	60661911
2541	60269381
2542	60626729
2543	60899838
2544	60872973
2545	60261522
2546	60584127
2547	60550533
2548	60943269
2549	61269316
2550	60809748
2551	60957387
2552	60606511
2553	60765754
2554	60686841
2555	60838333
2556	62080827
2557	60938813
2558	60660520
2559	60766939
2560	61479108
2561	61829116
2562	61406405
2563	60835890
2564	61589905
2565	60875724
2566	60933186
2567	61530621
2568	60890527
2569	61826709
2570	61834631
2571	61708045
2572	61148858
2573	61240363
2574	61395588
2575	61735540
2576	61152375
2577	61216670
2578	61298954
2579	61601890
2580	61200019
2581	61145252
2582	61798961
2583	62037648
2584	61503231
2585	61991944
2586	61458160
2587	62010137
2588	62099371
2589	61554779
2590	61838995
2591	61790910
2592	61617846
2593	61863362
2594	61696724
2595	62328056
2596	61841249
2597	61658364
2598	62147787
2599	62628342
2600	61668569
2601	62275699
2602	61825269
2603	62235688
2604	62214464
2605	61783198
2606	62144198
2607	61853843
2608	61854643
2609	62040074
2610	61946123
2611	62572377
2612	62153332
2613	62122269
2614	62866663
2615	62709122
2616	62497378
2617	62135998
2618	62133420
2619	62246774
2620	62540043
2621	62572050
2622	62589581
2623	62400022
2624	62451474
2625	62425612
2626	62335115
2627	62406359
2628	62590268
2629	62897094
2630	63389685
2631	62933677
2632	63111245
2633	62616801
2634	62583889
2635	62621753
2636	63291637
2637	63390467
2638	62789569
2639	62795590
2640	62628822
2641	62683463
2642	62863343
2643	62725857
2644	63430996
2645	63063690
2646	62855758
2647	62946052
2648	63005507
2649	63331210
2650	63812172
2651	63149002
2652	63087043
2653	63059566
2654	63031362
2655	62975687
2656	63024041
2657	63150643
2658	63357438
2659	63274618
2660	63534624
2661	63216452
2662	63277429
2663	63379556
2664	63415546
2665	63579538
2666	64028422
2667	63387563
2668	63695268
2669	63565297
2670	63425392
2671	64121816
2672	63501893
2673	63645436
2674	63946378
2675	63709281
2676	63430737
2677	63589140
2678	63703405
2679	63619917
2680	64382814
2681	63789773
2682	64237647
2683	64456559
2684	63846862
2685	64593280
2686	63810309
2687	63947745
2688	64123667
2689	64047913
2690	64256314
2691	63911156
2692	64073624
2693	63951089
2694	65064043
2695	64199114
2696	64248550
2697	64833499
2698	64434860
2699	64570947
2700	65239428
2701	64151466
2702	64185058
2703	64638412
2704	64227880
2705	64409288
2706	64458139
2707	64267653
2708	64410292
2709	64466428
2710	64459165
2711	64453714
2712	64386962
2713	64644911
2714	64617069
2715	64702697
2716	64571243
2717	64540744
2718	64587316
2719	64521727
2720	64848448
2721	64612979
2722	64640484
2723	64770038
2724	64727120
2725	64683398
2726	64894608
2727	64641259
2728	65324557
2729	65099208
2730	66644898
2731	65424779
2732	64853134
2733	64857076
2734	65009465
2735	64993971
2736	65050195
2737	65007588
2738	65045528
2739	65130059
2740	65407024
2741	65017182
2742	65162400
2743	65200285
2744	65236019
2745	66109459
2746	65579001
2747	65186183
2748	65325382
2749	65681710
2750	65252897
2751	65414144
2752	65437079
2753	65506492
2754	65467960
2755	65687082
2756	65444383
2757	65578964
2758	65547594
2759	65585441
2760	65949885
2761	65650707
2762	65648979
2763	65624627
2764	65600786
2765	65698230
2766	65837124
2767	65776454
2768	65832396
2769	66282227
2770	65882237
2771	66004041
2772	65839246
2773	65913418
2774	66062761
2775	65959221
2776	66182657
2777	66534153
2778	65971057
2779	66082188
2780	66177075
2781	66345463
2782	66285863
2783	66464238
2784	66618918
2785	66176472
2786	66759985
2787	66540490
2788	66269570
2789	66223034
2790	66294609
2791	66387389
2792	66736819
2793	66394156
2794	66354829
2795	66496564
2796	66376237
2797	66536254
2798	66926637
2799	66903642
2800	66557803
2801	66728728
2802	66629823
2803	66601172
2804	66571884
2805	66880328
2806	66695699
2807	66743834
2808	66864518
2809	66821631
2810	67207782
2811	66888865
2812	66849515
2813	66848708
2814	67440311
2815	66879498
2816	66883299
2817	67266664
2818	66961694
2819	66976484
2820	67138223
2821	67322090
2822	67238798
2823	67109851
2824	67066676
2825	67025426
2826	67168794
2827	67275582
2828	67395598
2829	67372333
2830	67235345
2831	67220753
2832	67334387
2833	68011296
2834	68342035
2835	68793412
2836	67972050
2837	68217063
2838	67668107
2839	67474881
2840	67855655
2841	68077745
2842	68456070
2843	68200665
2844	68057496
2845	68098172
2846	67731534
2847	67691467
2848	68163282
2849	67813265
2850	67791983
2851	67840030
2852	68509221
2853	68051313
2854	67806737
2855	68041505
2856	68322382
2857	67905479
2858	68262957
2859	67865403
2860	68069681
2861	68581119
2862	68257824
2863	68354162
2864	68880135
2865	68219048
2866	68221153
2867	68585962
2868	69139186
2869	68221172
2870	68243508
2871	68688777
2872	68783559
2873	68334622
2874	68675983
2875	68311450
2876	68483573
2877	69243176
2878	68309558
2879	69268468
2880	69229975
2881	68567285
2882	68508915
2883	68546869
2884	68524730
2885	68630671
2886	68655443
2887	68884950
2888	68636228
2889	68683889
2890	68690837
2891	68755794
2892	68850731
2893	68852126
2894	68878090
2895	68935059
2896	68925213
2897	68831393
2898	69006756
2899	69000785
2900	69396784
2901	69083874
2902	69247661
2903	69069998
2904	69150221
2905	69278185
2906	69181239
2907	69223083
2908	69294896
2909	69344103
2910	69230147
2911	69473065
2912	69347199
2913	69498317
2914	69354710
2915	69337927
2916	69333661
2917	69407587
2918	69479195
2919	69328159
2920	69797331
2921	69705339
2922	69594819
2923	69691998
2924	69632183
2925	69758251
2926	70099383
2927	69648867
2928	69759917
2929	69776640
2930	69644729
2931	69759051
2932	69874703
2933	69837851
2934	69679692
2935	69789268
2936	69805367
2937	69828724
2938	70015473
2939	70001879
2940	70056537
2941	70176048
2942	70063923
2943	70442838
2944	70078858
2945	70144599
2946	70118803
2947	70080413
2948	70144292
2949	70121878
2950	70218338
2951	70129042
2952	70292938
2953	70332702
2954	70295556
2955	70292247
2956	70315224
2957	70932897
2958	70717329
2959	70599742
2960	70449339
2961	70508848
2962	70566170
2963	70560211
2964	70548847
2965	70553222
2966	70826478
2967	70635197
2968	70496834
2969	70645813
2970	70762818
2971	70776429
2972	70684147
2973	71040191
2974	71035516
2975	70791808
2976	70874071
2977	70984927
2978	71097150
2979	71344248
2980	71187713
2981	71077016
2982	70974293
2983	71045077
2984	70994483
2985	71064956
2986	71061586
2987	71612853
2988	71404611
2989	71275402
2990	71206203
2991	71234247
2992	71158936
2993	71628912
2994	71381650
2995	71273104
2996	71475609
2997	71569643
2998	71685476
2999	71575798
3000	71466578
3001	72027597
3002	71939419
3003	71739754
3004	72592764
3005	71627173
3006	71707768
3007	71702307
3008	72142832
3009	71656476
3010	71929891
3011	71635912
3012	71759990
3013	72376625
3014	71763071
3015	71879044
3016	72067756
3017	71907279
3018	72030715
3019	71969707
3020	71999387
3021	72197424
3022	72794383
3023	73142147
3024	72055897
3025	72077933
3026	72102894
3027	72218256
3028	72266948
3029	72049416
3030	72354052
3031	72266382
3032	72177361
3033	72269849
3034	72174368
3035	72390668
3036	72476562
3037	72390073
3038	72327638
3039	72515219
3040	72360283
3041	72572658
3042	72793171
3043	72488898
3044	72535073
3045	72586164
3046	72608411
3047	72728380
3048	72910676
3049	72609075
3050	72841356
3051	72762345
3052	72775359
3053	72787137
3054	72704069
3055	73024073
3056	72765026
3057	72823121
3058	73111284
3059	73348664
3060	73017335
3061	73080889
3062	73013251
3063	73049891
3064	73266354
3065	73097807
3066	73083059
3067	73158776
3068	73110748
3069	73126986
3070	73486833
3071	73184461
3072	73163003
3073	73358041
3074	73415440
3075	74371056
3076	73618967
3077	73472976
3078	73467699
3079	73315814
3080	73569840
3081	73420109
3082	74030244
3083	73502843
3084	73497031
3085	73556423
3086	73831521
3087	73822060
3088	73706955
3089	73520965
3090	73617310
3091	73713443
3092	73700502
3093	73753225
3094	73898652
3095	73884249
3096	73817299
3097	73957498
3098	73740158
3099	74048548
3100	73822643
3101	73954585
3102	73965952
3103	74128688
3104	73971985
3105	73972591
3106	73957614
3107	74259511
3108	74101615
3109	74132608
3110	74182316
3111	74346688
3112	74267659
3113	74214200
3114	74329071
3115	74282273
3116	74183329
3117	74239605
3118	74349677
3119	74408274
3120	74200234
3121	74299565
3122	74446465
3123	74577580
3124	74538016
3125	74663960
3126	74542196
3127	74582069
3128	74612133
3129	74762866
3130	74833015
3131	74882587
3132	74629173
3133	74745946
3134	74756013
3135	74797763
3136	74702529
3137	74847002
3138	74894958
3139	74819936
3140	74807516
3141	74874228
3142	75180623
3143	74974384
3144	75360080
3145	75209397
3146	75057836
3147	75362513
3148	75106021
3149	75025945
3150	75061284
3151	75266586
3152	75241796
3153	75195118
3154	75348751
3155	75550482
3156	75574799
3157	75362452
3158	75610161
3159	76365630
3160	75664695
3161	75265973
3162	75501789
3163	75345543
3164	75454153
3165	75446530
3166	75475797
3167	75602228
3168	75585751
3169	75572403
3170	75979202
3171	75724978
3172	75670924
3173	75685067
3174	75680330
3175	76120518
3176	75942527
3177	75705088
3178	75894204
3179	76077102
3180	75941487
3181	75870092
3182	76297436
3183	76004934
3184	76573320
3185	76104811
3186	76856975
3187	76004378
3188	76034098
3189	76079147
3190	76395698
3191	76178608
3192	76247200
3193	76399361
3194	76329383
3195	76523223
3196	77006504
3197	76744163
3198	76311074
3199	76542923
3200	76497435
3201	76597565
3202	76438530
3203	76551647
3204	76582228
3205	76960640
3206	76471271
3207	76580385
3208	76788111
3209	76680792
3210	77028105
3211	76648138
3212	77053911
3213	76716248
3214	77384730
3215	76909925
3216	76876016
3217	76847935
3218	76997039
3219	77069311
3220	77016098
3221	76938775
3222	78313325
3223	77262663
3224	76894928
3225	76996951
3226	77295850
3227	78475871
3228	77596764
3229	77099066
3230	77508900
3231	77206763
3232	77680642
3233	77236583
3234	77725582
3235	77655314
3236	77898525
3237	77740878
3238	77274935
3239	78019524
3240	78289586
3241	77900569
3242	77700862
3243	77927148
3244	77438258
3245	77932488
3246	77478318
3247	77549256
3248	78136904
3249	77778959
3250	77892568
3251	77694147
3252	77526637
3253	77895950
3254	77770919
3255	78119784
3256	77710760
3257	77984390
3258	78208208
3259	78291845
3260	78066994
3261	77900366
3262	78360917
3263	78053730
3264	78382659
3265	77940536
3266	78653172
3267	78472404
3268	78757727
3269	79304778
3270	78188263
3271	78334328
3272	78350668
3273	78662950
3274	78677318
3275	79226394
3276	78833840
3277	79159712
3278	78665616
3279	78832296
3280	78833632
3281	79000796
3282	78481477
3283	78902617
3284	78475963
3285	79152104
3286	78824225
3287	79924617
3288	79386008
3289	79642046
3290	81397946
3291	79469456
3292	79071753
3293	79080218
3294	78646077
3295	80444554
3296	79649942
3297	79688799
3298	79199110
3299	78802709
3300	79822051
3301	79590897
3302	79741153
3303	80872723
3304	80018126
3305	81901474
3306	80378797
3307	79640336
3308	79077387
3309	79189585
3310	79447329
3311	79513176
3312	79878288
3313	80813074
3314	79382463
3315	79419033
3316	80424675
3317	79330405
3318	80908108
3319	79725785
3320	79850255
3321	80892273
3322	80326527
3323	80174599
3324	79835365
3325	79522925
3326	80785051
3327	80337882
3328	79981425
3329	80107465
3330	79681558
3331	81677474
3332	80323980
3333	80981317
3334	81096490
3335	80592624
3336	80280520
3337	79931098
3338	80366974
3339	80287009
3340	81042007
3341	81048223
3342	81039383
3343	82236406
3344	82678665
3345	81386137
3346	80169219
3347	81002452
3348	80795787
3349	80245609
3350	80226551
3351	80294955
3352	80861606
3353	80764034
3354	80969705
3355	80485007
3356	81643958
3357	81832366
3358	82417800
3359	82611418
3360	82031950
3361	80560448
3362	80631115
3363	81234976
3364	80832880
3365	81254620
3366	81378535
3367	80825596
3368	81291104
3369	81405706
3370	81225574
3371	81417777
3372	81949174
3373	81684459
3374	80864799
3375	81408658
3376	81745394
3377	81613715
3378	81237005
3379	81505963
3380	81876407
3381	82073714
3382	81114887
3383	81470314
3384	82243099
3385	82159287
3386	82708688
3387	81981182
3388	81458987
3389	81889530
3390	81946678
3391	82169529
3392	82645546
3393	82539046
3394	81910127
3395	82002476
3396	83022399
3397	81749192
3398	81779295
3399	82016655
3400	81623734
3401	82346131
3402	82117431
3403	83198413
3404	82562499
3405	81938679
3406	82346163
3407	82176390
3408	82145319
3409	83167415
3410	83342376
3411	82768307
3412	82981127
3413	83876013
3414	83506456
3415	82360237
3416	84339288
3417	83602211
3418	84123736
3419	84374856
3420	82365897
3421	82309990
3422	82599857
3423	82812709
3424	83670689
3425	83078418
3426	83964238
3427	83693006
3428	83109462
3429	82961054
3430	82973438
3431	83081432
3432	84635309
3433	84467331
3434	82890319
3435	83680434
3436	83748876
3437	83087248
3438	84500766
3439	83560227
3440	83509617
3441	84410236
3442	83613358
3443	83843385
3444	83569173
3445	83486427
3446	83441732
3447	83007611
3448	83485167
3449	84025819
3450	84711902
3451	84656616
3452	84030603
3453	84208467
3454	83452768
3455	83798498
3456	83874639
3457	84410024
3458	83539011
3459	83223368
3460	83366482
3461	83230197
3462	82915472
3463	85060001
3464	84474401
3465	83201154
3466	84250611
3467	84197627
3468	84771066
3469	83872697
3470	85302958
3471	84179588
3472	83405568
3473	84321740
3474	84140859
3475	85150647
3476	85410141
3477	85778826
3478	85379970
3479	84698859
3480	85084307
3481	85605648
3482	83842350
3483	84004618
3484	84436426
3485	85243627
3486	84860960
3487	84825395
3488	84448176
3489	85648677
3490	86113390
3491	85546552
3492	84265819
3493	84400312
3494	85886218
3495	84200161
3496	85263211
3497	84822009
3498	84261196
3499	85416217
3500	85874995
3501	86189736
3502	84670270
3503	84780078
3504	86756395
3505	85457936
3506	85815541
3507	85124556
3508	86772230
3509	86745527
3510	86521166
3511	86275236
3512	86765077
3513	85984359
3514	84587496
3515	85013953
3516	84706026
3517	85082931
3518	85004777
3519	86108245
3520	84999454
3521	85755293
3522	85849432
3523	87107979
3524	85776270
3525	84880675
3526	85476699
3527	85728743
3528	86491013
3529	86504219
3530	85350268
3531	87006041
3532	87446825
3533	87597317
3534	86657417
3535	86985461
3536	87264070
3537	87151703
3538	87454461
3539	85513594
3540	87040915
3541	85501316
3542	86606729
3543	86746405
3544	86073343
3545	85782415
3546	87211197
3547	87330613
3548	87358950
3549	85913939
3550	86267269
3551	86294612
3552	85833351
3553	86619701
3554	85424086
3555	87672345
3556	87658657
3557	87348972
3558	87134489
3559	87446697
3560	86174344
3561	86973865
3562	87848555
3563	88101711
3564	87302414
3565	87333594
3566	86629888
3567	86935713
3568	88342738
3569	87741338
3570	87249635
3571	87877425
3572	86887578
3573	87508105
3574	87531039
3575	86810411
3576	86904768
3577	86722341
3578	87713174
3579	88163138
3580	88449677
3581	86716472
3582	87574166
3583	87550238
3584	87920852
3585	86991764
3586	87196198
3587	87591419
3588	88650768
3589	88407323
3590	87762628
3591	88776360
3592	87678321
3593	86902910
3594	87929049
3595	86905198
3596	88234057
3597	88145012
3598	87998243
3599	87783482
3600	87452002
3601	87460286
3602	89250069
3603	89317538
3604	89334536
3605	87171263
3606	87340877
3607	88402432
3608	88265126
3609	89400528
3610	87892010
3611	87920562
3612	89012532
3613	87469842
3614	88549248
3615	88480231
3616	88783390
3617	88906789
3618	88215598
3619	89187454
3620	89215884
3621	87996567
3622	88263820
3623	89561198
3624	90006022
3625	90024779
3626	89611652
3627	89877734
3628	90203850
3629	89682336
3630	90041114
3631	89945123
3632	87986089
3633	89951013
3634	90247234
3635	90090665
3636	90172124
3637	88930521
3638	90313711
3639	90344594
3640	89315905
3641	90358836
3642	88426109
3643	89863911
3644	88494711
3645	89640179
3646	91037542
3647	91548664
3648	89608004
3649	89781549
3650	90253579
3651	90243795
3652	90233612
3653	89495100
3654	90362857
3655	90470468
3656	88830215
3657	88843699
3658	89269938
3659	91122501
3660	91068536
3661	89263191
3662	90361125
3663	90835481
3664	90317457
3665	90485192
3666	90440821
3667	90293245
3668	90868401
3669	89897654
3670	90488498
3671	89343969
3672	90469990
3673	91134506
3674	90912201
3675	88902340
3676	90770061
3677	90796090
3678	91160871
3679	89970892
3680	89802776
3681	91708987
3682	91817293
3683	91469933
3684	91462235
3685	91498065
3686	90027627
3687	90983169
3688	90856220
3689	90929605
3690	91598926
3691	91271343
3692	91091658
3693	91340526
3694	89830967
3695	91877438
3696	91786956
3697	91676941
3698	92150415
3699	92245438
3700	90600406
3701	91057634
3702	92040926
3703	91990288
3704	92129111
3705	91205265
3706	91396480
3707	92218847
3708	92180723
3709	91009645
3710	91871292
3711	91101964
3712	91033998
3713	91197942
3714	91980911
3715	91046073
3716	92174473
3717	91678134
3718	92528407
3719	92498414
3720	90904816
3721	89675555
3722	92284527
3723	92323752
3724	92092155
3725	92681015
3726	92479701
3727	92527043
3728	91690256
3729	92923023
3730	92078764
3731	91264621
3732	90246667
3733	90439300
3734	92793745
3735	92625445
3736	92842660
3737	92951582
3738	92723821
3739	92606886
3740	93312274
3741	93126102
3742	91639594
3743	91559600
3744	91349713
3745	93069873
3746	93131063
3747	91915583
3748	93050847
3749	93340704
3750	93564866
3751	92691394
3752	92356231
3753	92043882
3754	92489125
3755	92268956
3756	93353958
3757	94672024
3758	94158093
3759	93399228
3760	92152027
3761	93663907
3762	93618383
3763	93432081
3764	91927130
3765	91371763
3766	93392437
3767	93896804
3768	93759520
3769	93682546
3770	93699563
3771	93080604
3772	92733670
3773	93622885
3774	92921792
3775	91369782
3776	91293736
3777	91486762
3778	92872626
3779	93929828
3780	94197352
3781	94280317
3782	94210867
3783	93963487
3784	93955044
3785	93414520
3786	92253084
3787	91626092
3788	91771770
3789	93151536
3790	94895635
3791	94584914
3792	94305043
3793	94951644
3794	93859737
3795	94779052
3796	93225818
3797	94546864
3798	94747249
3799	95179375
3800	94766431
3801	94712742
3802	95100954
3803	94953188
3804	96187527
3805	95432763
3806	94747424
3807	92764562
3808	92828841
3809	92601034
3810	92872197
3811	94707499
3812	95205218
3813	95648834
3814	95029218
3815	94539403
3816	95249823
3817	93485038
3818	93002183
3819	93620141
3820	93455655
3821	93856800
3822	95138244
3823	95348054
3824	95508147
3825	95310537
3826	94425006
3827	95135397
3828	93391306
3829	94983621
3830	95168166
3831	95644166
3832	95548169
3833	95522236
3834	94582694
3835	95675496
3836	94932514
3837	95448454
3838	95127535
3839	93599733
3840	96302614
3841	95695335
3842	95516608
3843	96248416
3844	95427574
3845	95661364
3846	95327980
3847	95299279
3848	95537307
3849	93883549
3850	93692543
3851	93727232
3852	94935337
3853	96195127
3854	95484100
3855	96194634
3856	95842709
3857	95650637
3858	96137314
3859	97760844
3860	95759031
3861	96328028
3862	96381062
3863	97751100
3864	97649913
3865	96415555
3866	96365762
3867	96474320
3868	96366798
3869	96502877
3870	95522704
3871	95325676
3872	95357412
3873	96425419
3874	96124303
3875	96649858
3876	96895048
3877	96840972
3878	96133408
3879	96261120
3880	96372685
3881	94858517
3882	94973427
3883	95172168
3884	94675346
3885	94274689
3886	95129595
3887	96116878
3888	95686587
3889	95414405
3890	96650702
3891	95196934
3892	94514080
3893	95429870
3894	95845663
3895	96146643
3896	97167305
3897	96824295
3898	96774971
3899	97295039
3900	97692513
3901	96314967
3902	96123292
3903	96677589
3904	97832193
3905	97408456
3906	96935507
3907	97403838
3908	97497208
3909	97594116
3910	97317065
3911	96757203
3912	96054422
3913	96284217
3914	95947625
3915	95315723
3916	96200202
3917	96872544
3918	97728684
3919	98104496
3920	97977873
3921	97707781
3922	95741626
3923	95745648
3924	96565120
3925	97184578
3926	96923529
3927	97476174
3928	98123593
3929	97843594
3930	98340042
3931	98305178
3932	96352119
3933	95782651
3934	96731551
3935	97117868
3936	96390354
3937	97748212
3938	97743486
3939	98489529
3940	98531162
3941	98005798
3942	98718794
3943	98971227
3944	99056704
3945	99826525
3946	99123883
3947	98750254
3948	99076055
3949	98973248
3950	99064612
3951	98939245
3952	97770055
3953	97918537
3954	98664701
3955	99091871
3956	99096721
3957	99952436
3958	99419054
3959	99070873
3960	98856166
3961	98637905
3962	98527665
3963	97336321
3964	97806682
3965	99114107
3966	99207272
3967	100234234
3968	99456018
3969	98294360
3970	99463370
3971	99196871
3972	98888485
3973	97573463
3974	98898568
3975	98251813
3976	99495969
3977	101658432
3978	100477778
3979	99423740
3980	99882721
3981	98189549
3982	99523607
3983	98443714
3984	98892990
3985	98879048
3986	100195565
3987	100243811
3988	99569933
3989	99555869
3990	99872633
3991	99152462
3992	98902173
3993	97694620
3994	99495112
3995	98794866
3996	100399873
3997	98027450
3998	98754996
3999	100521111
